3.1515 1.0000
3.3732 1.0000
3.1636 1.0000
3.3732 1.0000
3.1325 1.0000
3.2362 1.0000
3.3605 1.0000
3.085 1.0000
3.1636 1.0000
3.0185 1.0000
3.3377 1.0000
3.2845 1.0000
3.218 1.0000
3.1515 1.0000
3.1072 1.0000
3.4175 1.0000
3.2845 1.0000
3.2027 1.0000
3.3035 1.0000
3.7168 1.0000
3.2532 1.0000
3.2845 1.0000
3.0185 1.0000
3.218 1.0000
3.1072 1.0000
3.4745 1.0000
3.1413 1.0000
3.2402 1.0000
3.2063 1.0000
3.2845 1.0000
3.0669 1.0000
3.1781 1.0000
3.1072 1.0000
3.4175 1.0000
3.218 1.0000
3.4175 1.0000
3.1072 1.0000
3.0799 1.0000
3.1682 1.0000
3.1959 1.0000
3.3605 1.0000
3.0185 1.0000
3.5885 1.0000
3.1959 1.0000
3.2579 1.0000
3.085 1.0000
3.1325 1.0000
3.218 1.0000
3.6455 1.0000
3.2845 1.0000
3.0945 1.0000
3.3178 1.0000
3.2027 1.0000
3.3605 1.0000
3.0911 1.0000
3.3605 1.0000
3.4973 1.0000
3.3732 1.0000
3.1515 1.0000
3.3178 1.0000
3.2579 1.0000
3.3087 1.0000
3.2362 1.0000
3.1781 1.0000
3.1072 1.0000
3.218 1.0000
3.4175 1.0000
3.3178 1.0000
3.3813 1.0000
3.2101 1.0000
3.3605 1.0000
3.3178 1.0000
3.4175 1.0000
3.3178 1.0000
3.2641 1.0000
3.1636 1.0000
3.3732 1.0000
3.0185 1.0000
3.2845 1.0000
3.3178 1.0000
3.4175 1.0000
3.2362 1.0000
3.4619 1.0000
3.4175 1.0000
3.1413 1.0000
3.0717 1.0000
3.1781 1.0000
3.3868 1.0000
3.085 1.0000
3.2579 1.0000
3.2579 1.0000
3.0799 1.0000
3.3605 1.0000
3.2845 1.0000
3.3732 1.0000
3.0755 1.0000
3.0185 1.0000
3.4175 1.0000
3.2641 1.0000
3.2465 1.0000
3.3087 1.0000
3.4175 1.0000
3.2845 1.0000
3.3605 1.0000
3.0717 1.0000
3.1636 1.0000
3.0185 1.0000
3.2579 1.0000
3.3087 1.0000
3.3605 1.0000
3.1124 1.0000
3.2641 1.0000
3.1781 1.0000
3.3178 1.0000
3.3178 1.0000
3.2362 1.0000
3.2579 1.0000
3.3087 1.0000
3.2579 1.0000
3.2362 1.0000
3.2362 1.0000
3.0684 1.0000
3.2362 1.0000
3.1781 1.0000
3.1959 1.0000
3.0684 1.0000
3.2362 1.0000
3.0799 1.0000
3.085 1.0000
3.4175 1.0000
3.1636 1.0000
3.0799 1.0000
3.1636 1.0000
3.2845 1.0000
3.218 1.0000
3.1249 1.0000
3.1636 1.0000
3.2579 1.0000
3.0717 1.0000
3.0911 1.0000
3.2579 1.0000
3.1072 1.0000
3.3732 1.0000
3.3732 1.0000
3.0185 1.0000
3.3178 1.0000
3.5173 1.0000
3.1325 1.0000
3.2845 1.0000
3.0185 1.0000
3.1781 1.0000
3.1325 1.0000
3.1636 1.0000
3.4175 1.0000
3.1072 1.0000
3.0983 1.0000
3.218 1.0000
3.1072 1.0000
3.2362 1.0000
3.3178 1.0000
3.2362 1.0000
3.2027 1.0000
3.2579 1.0000
3.0629 1.0000
3.0983 1.0000
3.1072 1.0000
3.0185 1.0000
3.0983 1.0000
3.085 1.0000
3.2362 1.0000
3.3087 1.0000
3.3178 1.0000
3.3087 1.0000
3.1072 1.0000
3.3087 1.0000
3.1636 1.0000
3.218 1.0000
3.218 1.0000
3.3377 1.0000
3.085 1.0000
3.0185 1.0000
3.1413 1.0000
3.3178 1.0000
3.1636 1.0000
3.3732 1.0000
3.0911 1.0000
3.2845 1.0000
3.1072 1.0000
3.3377 1.0000
3.1025 1.0000
3.085 1.0000
3.2845 1.0000
3.1072 1.0000
3.2579 1.0000
3.3377 1.0000
3.2362 1.0000
3.2465 1.0000
3.3178 1.0000
3.1682 1.0000
3.1781 1.0000
3.3605 1.0000
3.1959 1.0000
3.5505 1.0000
3.1636 1.0000
3.4619 1.0000
3.2845 1.0000
3.1781 1.0000
3.4175 1.0000
3.192 1.0000
3.2027 1.0000
3.2465 1.0000
3.4175 1.0000
3.3813 1.0000
3.0185 1.0000
3.3732 1.0000
3.1636 1.0000
3.3087 1.0000
3.1781 1.0000
3.4175 1.0000
3.2027 1.0000
3.4538 1.0000
3.0911 1.0000
3.0629 1.0000
3.1072 1.0000
3.1183 1.0000
3.218 1.0000
3.0983 1.0000
3.1072 1.0000
3.2362 1.0000
3.3377 1.0000
3.2579 1.0000
3.0185 1.0000
3.1959 1.0000
3.3178 1.0000
3.3377 1.0000
3.1325 1.0000
3.2845 1.0000
3.1682 1.0000
3.2845 1.0000
3.4175 1.0000
3.4175 1.0000
3.1781 1.0000
3.2027 1.0000
3.3255 1.0000
3.1413 1.0000
3.1072 1.0000
3.0584 1.0000
3.4619 1.0000
3.3255 1.0000
3.1895 1.0000
3.4175 1.0000
3.0911 1.0000
3.1325 1.0000
3.3605 1.0000
3.2845 1.0000
3.218 1.0000
3.218 1.0000
3.4745 1.0000
3.4973 1.0000
3.3178 1.0000
3.4175 1.0000
3.4175 1.0000
3.1781 1.0000
3.2362 1.0000
3.3377 1.0000
3.0185 1.0000
3.1249 1.0000
3.1781 1.0000
3.5505 1.0000
3.3178 1.0000
3.0983 1.0000
3.3732 1.0000
3.4175 1.0000
3.4175 1.0000
3.2465 1.0000
3.2465 1.0000
3.4175 1.0000
3.2362 1.0000
3.3605 1.0000
3.1781 1.0000
3.0717 1.0000
3.1781 1.0000
3.3605 1.0000
3.2579 1.0000
3.4745 1.0000
3.0911 1.0000
3.3087 1.0000
3.0185 1.0000
3.5096 1.0000
3.218 1.0000
3.3377 1.0000
3.2362 1.0000
3.1781 1.0000
3.3087 1.0000
3.1413 1.0000
3.2063 1.0000
3.1682 1.0000
3.2845 1.0000
3.2845 1.0000
3.2362 1.0000
3.1682 1.0000
3.2845 1.0000
3.1515 1.0000
3.2845 1.0000
3.2845 1.0000
3.218 1.0000
3.5885 1.0000
3.2845 1.0000
3.0983 1.0000
3.4619 1.0000
3.0911 1.0000
3.3178 1.0000
3.3377 1.0000
3.3178 1.0000
3.5771 1.0000
3.0185 1.0000
3.218 1.0000
3.1515 1.0000
3.3255 1.0000
3.3732 1.0000
3.2579 1.0000
3.3087 1.0000
3.1636 1.0000
3.2845 1.0000
3.1636 1.0000
3.0684 1.0000
3.0655 1.0000
3.3605 1.0000
3.3732 1.0000
3.1413 1.0000
3.3868 1.0000
3.1072 1.0000
3.3605 1.0000
3.218 1.0000
3.351 1.0000
3.0185 1.0000
3.1895 1.0000
3.0799 1.0000
3.2641 1.0000
3.3087 1.0000
3.351 1.0000
3.3178 1.0000
3.1959 1.0000
3.351 1.0000
3.1895 1.0000
3.4175 1.0000
3.4745 1.0000
3.1413 1.0000
3.0185 1.0000
3.0799 1.0000
3.2579 1.0000
3.0655 1.0000
3.3605 1.0000
3.1515 1.0000
3.2845 1.0000
3.3868 1.0000
3.1636 1.0000
3.2845 1.0000
3.1515 1.0000
3.0185 1.0000
3.3178 1.0000
3.0799 1.0000
3.0799 1.0000
3.3732 1.0000
3.3178 1.0000
3.1515 1.0000
3.4175 1.0000
3.1413 1.0000
3.2579 1.0000
3.6392 1.0000
3.0755 1.0000
3.2845 1.0000
3.4973 1.0000
3.1959 1.0000
3.1959 1.0000
3.2027 1.0000
3.1382 1.0000
3.0185 1.0000
3.218 1.0000
3.2845 1.0000
3.2579 1.0000
3.3178 1.0000
3.4482 1.0000
3.4175 1.0000
3.1781 1.0000
3.3377 1.0000
3.4973 1.0000
3.0584 1.0000
3.2027 1.0000
3.3605 1.0000
3.2641 1.0000
3.3377 1.0000
3.2579 1.0000
3.3178 1.0000
3.0911 1.0000
3.4175 1.0000
3.4175 1.0000
3.218 1.0000
3.1072 1.0000
3.4175 1.0000
3.085 1.0000
3.1895 1.0000
3.3178 1.0000
3.0983 1.0000
3.3732 1.0000
3.4745 1.0000
3.3178 1.0000
3.1636 1.0000
3.3732 1.0000
3.2845 1.0000
3.5173 1.0000
3.1636 1.0000
3.4175 1.0000
3.2845 1.0000
3.7025 1.0000
3.1072 1.0000
3.2579 1.0000
3.3377 1.0000
3.1781 1.0000
3.2063 1.0000
3.0185 1.0000
3.085 1.0000
3.0629 1.0000
3.3605 1.0000
3.1413 1.0000
3.4175 1.0000
3.0983 1.0000
3.218 1.0000
3.1072 1.0000
3.2845 1.0000
3.3087 1.0000
3.4385 1.0000
3.1895 1.0000
3.2845 1.0000
3.0655 1.0000
3.085 1.0000
3.085 1.0000
3.0911 1.0000
3.1636 1.0000
3.1515 1.0000
3.3605 1.0000
3.2579 1.0000
3.3732 1.0000
3.3605 1.0000
3.0717 1.0000
3.3732 1.0000
3.218 1.0000
3.2085 1.0000
3.1594 1.0000
3.0879 1.0000
3.2362 1.0000
3.3178 1.0000
3.2579 1.0000
3.3178 1.0000
3.1072 1.0000
3.0755 1.0000
3.2845 1.0000
3.2362 1.0000
3.3605 1.0000
3.3732 1.0000
3.0185 1.0000
3.0911 1.0000
3.4175 1.0000
3.2845 1.0000
3.3813 1.0000
3.2362 1.0000
3.1895 1.0000
3.4175 1.0000
3.2845 1.0000
3.218 1.0000
3.0185 1.0000
3.2845 1.0000
3.4175 1.0000
3.0983 1.0000
3.0755 1.0000
3.0684 1.0000
3.4175 1.0000
3.1183 1.0000
3.1515 1.0000
3.3178 1.0000
3.3605 1.0000
3.3605 1.0000
3.218 1.0000
3.085 1.0000
3.2362 1.0000
3.3605 1.0000
3.4973 1.0000
3.3087 1.0000
3.3605 1.0000
3.2845 1.0000
3.3178 1.0000
3.5505 1.0000
3.3813 1.0000
3.4745 1.0000
3.1781 1.0000
3.2579 1.0000
3.2845 1.0000
3.3178 1.0000
3.3255 1.0000
3.1072 1.0000
3.2465 1.0000
3.3732 1.0000
3.2362 1.0000
3.0717 1.0000
3.1515 1.0000
3.3605 1.0000
3.2579 1.0000
3.2579 1.0000
3.2679 1.0000
3.3178 1.0000
3.3178 1.0000
3.2845 1.0000
3.3732 1.0000
3.2845 1.0000
3.1325 1.0000
3.2845 1.0000
3.3732 1.0000
3.3377 1.0000
3.1413 1.0000
3.4175 1.0000
3.2362 1.0000
3.4175 1.0000
3.2362 1.0000
3.617 1.0000
3.2845 1.0000
3.1072 1.0000
3.1072 1.0000
3.1515 1.0000
3.2362 1.0000
3.1781 1.0000
3.3178 1.0000
3.1895 1.0000
3.3035 1.0000
3.3377 1.0000
3.0185 1.0000
3.3087 1.0000
3.2027 1.0000
3.1072 1.0000
3.1515 1.0000
3.1072 1.0000
3.4175 1.0000
3.3178 1.0000
3.2845 1.0000
3.3002 1.0000
3.1072 1.0000
3.3377 1.0000
3.3813 1.0000
3.3377 1.0000
3.2845 1.0000
3.3178 1.0000
3.0185 1.0000
3.2845 1.0000
3.218 1.0000
3.1895 1.0000
3.4619 1.0000
3.0799 1.0000
3.5505 1.0000
3.2845 1.0000
3.2845 1.0000
3.0799 1.0000
3.3377 1.0000
